750
323
923
494 495
583 585
899
275
20 26
581 582
956 957
403 405
49 51
993 995
740 744
770 773
451
745
485
345 350
588
510 511
422 424
127
543 544
512 513
452 454
846 847
912 915
668 670
528 529
134 137
982 984
620 622
665 666
509
557
902 903
572 573
866 868
457
415 417
273 280
834 835
180 182
980 981
343 344
153 155
231 234
579 580
705 709
438 443
391
390 392
259 262
200 204
716 717
249 250
961 965
958 960
161 162
977 979
735 737
407 408
297 304
937 940
638
163 165
10 12
156 157
882 883
816 817
401 402
91 93
832 833
539
508
805 806
183 185
38
339 341
474 475
285 288
94 95
871 872
720 721
759 760
797 798
46 47
675 676
243 244
15 18
888
706
836
330 331
173 175
818 824
466 469
52 53
314
272
609 612
697 698
973 974
96 97
302
413 414
481 482
788 789
40 44
168 169
45
476 478
216
560
765 769
610
118 119
203
627
66 67
256 257
749 750
365 366
324 327
116 117
812
916 918
994
193
662 664
586 587
334
506
594
932 934
386 388
129 130
99 101
525 527
233
455 458
873 876
786
553 558
562 563
31 32
151 152
908
490 492
226 227
470 471
861 862
191 195
179
808 810
114 115
840 841
929 930
837 838
6 8
286
78
880
967 968
894 897
289 290
997
998
660 661
459 461
247
255
924
889
291 295
171 172
80 82
771
857 858
484 487
223 224
87
726 731
368 371
718
254
595 598
952 953
559
531
105 108
947 949
48
218 221
241
678
936
813 814
144 146
677
268
435
615 617
54 55
986
825 828
500
517 518
969
436
337 338
102 104
684 685
584
501 503
411
266 269
367
398 399
428 432
628 630
111
423
756
601 603
523 524
497
138 143
387
332
416
618 619
236 237
409 410
359 363
131 133
564 566
537 542
633 634
43
800 801
73
795 796
328
228
281
335 336
860
891 892
521 522
347
893
626
629
887
724
189
701 703
375 376
681 683
214 215
886
746
283
657 659
64 65
313
447 449
270 271
265
70
246 248
962
719
384 385
198 199
695 696
671
776
406
210
245
853 856
850
158 160
468
710 711
569
434 437
166
71 72
125
951
570
7
793 794
464 465
779
545 547
879 881
941 943
655
267
692
884 885
651 653
910 911
147 150
536
714 715
688
92
76 79
225
393
922
729
426 427
546
404
238 242
778
277
728
925
211
905
13
606
230
263 264
635 636
753 758
906
775
22
761
985 988
311
624 625
212
637 643
577 578
34
433
605
964
591
895
787
830
502
623
397
950
898 901
294
103
439
348
611
741
219
762 763
555
602
25
855
252 253
599 600
202
561
647
496 498
874
460
823
4
516
113
604
713
306 307
77
743
532
499
723
372 373
27 30
352
29
842
377
774 781
802
139
550
187
669
865
654
549
177
568 571
381
848
174
704
279
178
839
996 999
0 2
145
768
640
890
493
826
100
196
538
59 61
364
644
309
878
89
300
754
298
19
896
126 128
852
480
663
870
970
575
378
346
592
978
722
370
159
803
764
278
565
732
504
329
972
738
446
926
694
430
333
353 355
815
467
194
425
394 395
421
792
342
702
648
444 445
463
751 752
990 991
17
136
673 674
140
98
41
389
821
589 590
28
533
742
556
613
727
682
35
382 383
260
767
867
520
374
418 419
258
472
86 88
919 920
739
36 37
208
645
652
5
939
526
614
176
515
184
755
616
971
859
379
849
21
308
730
181
820
109
251
567
23
112
287
712
845
875
310 318
708
672
686 689
831
84 85
975
687
148
777
209
966
799
167
680
396
914
959
9
60
197
356
933
691
596
106
149
607 608
462
81
450
340
349
321 322
597
641
992
303
282
206 207
507
757
232
548 552
489
649
927 928
123 124
530
120
50
479
296
68 69
736
488
301
804
276
554
240
854
725
907
292
945 946
631 632
486
690
976
319
942
541
807
574
747
656
987
369
791
473
360
361
453
843
811
420
944
514
222
869
576
3
782 783
931
217
650
938
110
593
320
913
844
63
505
921
11
551
400
274
90
83
829
42
491
107
851
483
154
74
14
431
790
362
142
822
188 190
534 535
62
963
75
239
819
679
693
213
57 58
293
261
305
56
827
864
229
904 909
667
658
1
299
785
186
325
441
39
707
315
935
772
733
358
312
954
540
24
766
699 700
351
809
205
989
33
477
122
141
646
442
326
429
132
201
121
220
440
412
357
317
354
983
284
621
316
456
900
784
917
863
642
192
235
519
448
877
748
780
955
948
734
135
16
170
380
164
639
